100
0    32   15   41   3    43   47   10   36   18   20   18   46   49   40   45   38   24   41   18   12   40   32   42   47   42   22   32   1    2    25   50   27   42   42   28   4    48   13   9    8    35   14   11   17   7    4    9    15   12   21   50   35   44   22   18   6    35   19   21   2    20   9    23   43   41   47   27   42   4    49   18   12   2    6    44   13   50   19   46   26   5    38   17   17   44   50   44   48   5    17   8    7    5    7    49   35   10   27   47
26   0    21   43   37   35   23   45   10   19   38   35   50   29   38   49   32   29   31   14   19   21   19   36   16   13   48   2    8    3    17   29   17   21   16   26   50   27   18   50   39   27   8    8    40   28   15   17   46   14   45   6    27   22   24   6    4    26   24   47   21   21   28   42   14   21   22   30   11   41   42   20   11   48   47   5    36   44   2    24   22   26   36   19   34   16   4    4    25   19   3    49   21   22   4    15   39   46   33   19
12   3    0    1    30   3    45   14   41   6    25   20   7    3    47   23   26   17   29   4    24   24   23   20   31   32   45   31   5    14   39   8    50   22   20   40   31   2    3    2    31   10   32   50   44   44   43   2    14   4    46   10   25   26   33   29   1    27   1    46   43   40   3    26   37   17   17   49   15   50   2    17   21   18   37   37   27   17   42   20   45   34   44   1    33   42   26   23   28   24   38   8    17   8    16   19   4    32   33   32
47   16   1    0    40   1    46   42   24   25   30   21   49   1    40   12   31   26   3    30   16   28   12   21   39   47   25   15   48   25   50   1    48   24   15   3    6    20   2    50   22   2    42   38   12   39   33   49   35   37   3    22   41   47   10   34   25   13   26   41   22   19   5    7    13   39   36   22   22   6    8    40   1    46   3    18   15   21   22   35   39   6    40   15   46   50   31   37   30   50   17   38   42   8    19   9    27   13   32   42
16   39   18   1    0    18   33   7    6    30   34   45   38   46   32   7    21   26   46   44   47   14   11   45   36   5    37   9    37   20   20   10   49   19   25   15   48   14   16   5    21   48   42   17   46   25   25   45   22   22   43   25   25   41   49   8    5    7    29   48   50   39   32   14   44   27   48   42   50   9    23   32   49   12   16   1    49   37   17   6    47   28   27   20   39   21   42   2    5    4    29   18   5    5    31   24   39   18   6    23
5    13   20   13   50   0    36   22   42   38   22   13   45   12   36   44   21   29   19   43   4    28   49   50   46   9    50   28   15   14   38   32   43   7    42   50   22   12   48   18   46   7    46   16   12   2    40   38   20   17   4    34   20   34   27   25   5    6    31   17   23   35   24   12   23   10   13   2    33   41   27   22   18   20   11   9    34   48   47   45   45   48   49   39   26   25   20   34   9    33   8    42   32   4    12   45   43   33   28   16
20   29   42   22   47   17   0    34   19   28   24   19   49   27   40   45   33   47   5    31   11   46   44   11   31   37   7    19   17   50   6    5    14   5    41   34   1    22   42   10   2    15   18   20   3    10   39   22   34   7    41   27   5    19   9    3    33   30   28   41   23   3    24   23   19   28   14   35   29   12   18   9    22   11   35   33   11   2    39   23   18   18   2    27   26   8    37   44   39   23   47   44   31   23   49   38   19   36   10   23
7    36   24   36   25   20   25   0    37   12   33   19   22   26   26   26   2    17   8    1    21   30   3    9    8    18   33   25   6    30   21   7    45   20   28   31   7    40   38   28   36   4    39   25   48   50   47   21   18   29   28   21   16   47   28   5    9    29   49   41   49   10   41   43   41   34   46   33   10   28   48   3    27   8    46   13   41   33   27   47   26   9    14   17   24   50   22   27   33   4    45   9    25   1    38   18   13   21   14   10
50   43   26   20   18   12   21   10   0    23   18   21   24   8    28   38   39   47   35   2    32   47   26   45   32   28   8    49   32   19   12   1    17   45   28   31   2    35   42   47   26   11   11   34   23   39   4    50   12   40   32   18   31   40   18   23   14   14   20   40   44   46   40   28   32   23   29   28   43   47   9    12   48   49   49   42   1    15   39   41   16   13   46   22   17   24   38   5    49   39   25   1    25   23   33   7    46   42   3    26
47   35   37   24   25   9    30   25   43   0    43   12   12   34   15   45   3    39   33   7    21   3    28   20   10   41   9    19   7    40   14   16   4    36   5    3    29   50   6    22   8    26   11   34   10   43   4    44   20   43   14   8    43   3    31   15   7    40   9    2    42   37   35   8    25   39   45   14   35   3    31   37   26   8    46   3    6    12   41   46   18   13   22   40   6    47   23   37   10   35   3    4    38   17   23   37   32   40   20   36
 44   13   2    15   24   13   34   44   38   23   0    34   6    44   9    1    1    1    7    22   40   17   49   35   10   23   44   22   7    31   14   13   21   17   46   34   12   5    13   10   32   48   44   42   46   11   33   37   46   1    18   40   17   21   9    22   28   15   44   39   38   47   10   31   46   23   36   14   39   50   49   44   23   39   47   32   22   36   15   2    7    30   43   33   44   37   28   2    25   28   34   16   37   45   11   42   29   30   40   49
23   16   26   11   39   31   7    25   30   26   35   0    20   22   4    5    22   38   19   17   9    2    40   9    50   46   27   21   9    21   20   10   32   9    48   34   10   28   12   11   11   14   49   40   1    5    13   47   34   40   36   24   41   36   21   19   20   31   26   45   29   45   28   5    25   5    46   2    17   1    8    17   14   26   17   30   31   20   21   38   1    2    42   40   44   38   23   5    43   19   42   21   14   47   31   46   42   27   36   40
16   20   42   27   18   44   22   27   3    9    43   8    0    31   46   20   22   17   26   11   40   27   43   32   32   47   40   31   22   45   46   35   42   19   27   18   45   3    15   32   36   40   18   35   19   29   12   20   23   12   28   13   28   11   20   48   31   41   45   46   16   40   11   36   39   24   49   36   42   43   35   31   37   46   41   37   10   22   31   24   47   10   3    18   16   20   4    13   2    19   25   39   36   26   31   30   49   49   24   15
15   16   28   1    33   35   18   17   10   25   27   28   10   0    43   46   35   25   22   4    13   6    34   15   41   41   1    4    35   2    40   2    22   23   10   19   8    37   6    15   14   30   2    35   46   30   9    17   47   37   41   11   7    21   16   13   26   24   36   37   12   1    50   27   43   24   32   36   10   35   38   11   40   27   24   49   47   4    27   18   30   7    2    24   9    9    26   25   22   39   10   4    35   40   42   39   37   3    30   25
15   49   31   15   49   1    41   44   17   27   19   7    13   22   0    23   41   25   32   6    36   9    3    46   41   48   47   35   16   30   41   14   29   17   27   36   20   1    23   21   3    28   40   46   7    20   19   34   47   34   4    45   21   9    45   18   1    40   23   44   46   41   45   48   32   21   34   34   1    26   11   4    1    31   6    42   7    49   28   46   44   19   12   39   26   35   38   24   49   36   36   28   49   28   11   6    35   29   22   30
28   40   4    36   18   15   38   25   30   25   16   32   26   18   3    0    6    27   4    11   45   3    7    37   47   29   28   27   3    35   16   22   17   17   29   36   24   36   38   23   48   33   29   31   14   26   26   34   14   34   11   40   49   47   41   37   1    26   18   31   27   12   4    31   36   29   49   49   5    3    23   46   12   47   14   7    46   31   46   28   8    45   38   3    43   30   30   5    38   32   8    14   6    25   19   23   15   29   45   43
10   20   35   13   14   24   16   3    23   10   16   9    11   10   43   9    0    22   25   28   1    37   7    42   23   36   30   45   33   18   23   41   14   27   19   5    30   36   34   47   11   19   19   15   13   36   36   14   20   8    23   9    46   16   28   49   45   16   10   41   26   40   27   25   30   22   17   22   2    36   20   26   16   6    17   10   13   12   20   36   34   23   9    47   45   4    40   17   11   13   4    49   36   37   14   9    36   26   7    31
13   29   32   42   44   20   48   25   46   17   50   18   39   22   6    10   31   0    40   35   8    9    4    30   49   38   24   9    50   36   12   26   33   34   50   45   5    34   22   41   10   30   49   7    2    15   6    38   37   50   12   29   49   28   44   8    31   25   50   48   37   34   1    45   22   22   25   33   20   12   6    10   19   13   36   9    43   11   25   4    31   35   32   29   9    11   16   27   27   28   18   21   17   9    21   32   36   20   1    3
41   21   10   45   40   40   19   24   44   8    3    23   7    33   24   40   35   11   0    32   19   38   21   14   23   38   45   20   31   16   30   35   17   35   9    17   44   25   9    16   42   29   17   46   41   24   10   35   50   47   31   37   44   42   28   2    21   21   19   4    46   5    4    5    48   36   19   21   26   19   49   34   9    31   9    45   44   34   19   15   47   11   38   11   33   35   28   36   14   44   8    28   47   11   14   50   35   42   50   34
47   10   10   39   8    3    15   1    50   21   49   6    3    39   34   8    24   33   42   0    31   26   17   11   25   11   14   21   4    24   46   44   38   8    49   40   20   29   12   44   46   14   2    33   47   12   3    39   43   29   32   1    22   40   16   32   5    20   37   32   7    44   5    33   13   38   4    10   30   12   46   36   18   33   48   9    22   50   30   49   32   38   9    29   12   13   49   44   10   22   18   7    2    34   10   22   25   39   22   11
23   21   2    16   35   28   50   20   31   50   34   27   40   36   3    49   38   25   37   1    0    30   24   13   17   16   49   47   31   1    30   23   4    33   25   28   39   15   50   17   15   15   40   1    36   38   27   39   30   6    37   37   41   28   30   23   36   43   15   11   24   19   40   45   6    32   40   28   50   21   44   20   48   28   20   30   30   43   27   8    17   31   41   36   29   25   50   1    3    39   50   4    26   42   44   41   16   27   34   24
39   14   4    1    9    21   2    11   23   21   5    25   14   41   29   32   34   13   22   26   48   0    13   27   11   2    6    46   47   9    7    27   25   16   29   26   21   45   3    32   2    42   18   31   8    6    9    20   46   24   24   39   6    39   22   42   1    39   11   6    17   11   12   45   13   9    14   25   12   49   14   42   35   45   48   22   31   41   8    28   37   16   48   24   49   31   23   7    16   10   42   3    32   50   25   12   42   22   50   1
27   32   43   19   47   46   42   2    37   20   32   20   47   19   17   46   16   10   36   18   20   1    0    17   29   38   28   5    40   25   37   11   22   38   49   49   3    18   23   41   25   40   20   36   38   32   46   29   9    14   28   14   46   27   22   4    17   48   39   12   5    35   1    46   23   38   20   5    26   30   48   3    39   8    16   30   32   32   10   27   19   33   47   29   31   41   41   30   40   5    19   26   23   12   10   32   47   13   50   37
22   5    33   2    18   1    4    33   41   50   11   7    4    33   9    36   38   21   5    21   22   42   18   0    47   46   37   33   43   20   30   19   3    48   4    35   15   35   38   34   21   2    18   48   24   6    8    45   18   49   3    19   4    2    13   9    13   5    21   47   16   42   4    31   24   22   7    25   2    29   1    14   44   1    12   26   18   19   12   27   7    48   46   33   5    40   7    30   21   49   44   8    38   37   41   11   14   20   9    19
5    24   14   43   6    33   50   1    44   15   41   35   36   36   19   31   41   22   3    21   20   27   9    17   0    32   11   16   19   19   33   27   30   26   6    31   22   19   49   26   20   49   4    20   29   49   37   25   8    23   12   40   11   22   39   30   10   27   11   22   31   5    36   36   46   8    40   37   24   27   37   5    34   17   21   21   18   38   45   44   32   7    10   47   47   28   40   29   16   50   2    15   15   45   28   24   11   47   3    47
49   33   17   14   42   6    21   35   43   21   45   6    29   19   45   44   15   4    11   24   9    46   15   32   42   0    39   28   36   32   49   23   38   27   20   4    44   10   21   33   2    14   14   45   8    4    1    12   36   13   22   13   6    3    45   31   43   35   12   13   14   38   48   3    20   25   21   15   38   32   27   25   18   13   37   9    49   8    23   25   5    36   17   19   24   50   37   41   23   44   14   16   40   35   24   37   44   15   17   25
8    8    30   25   46   50   32   46   27   18   48   43   42   31   20   28   15   28   19   29   20   45   31   11   5    37   0    43   32   47   15   10   6    24   35   10   32   43   49   21   9    33   44   48   12   10   19   35   19   46   47   4    22   44   17   5    7    41   40   18   11   28   8    11   22   39   40   39   21   41   1    22   6    22   4    49   8    25   26   49   42   37   8    49   16   9    17   35   19   49   2    29   43   23   4    3    38   22   33   33
13   25   33   48   50   6    38   49   25   4    4    7    47   37   49   27   21   1    29   45   42   23   41   47   50   29   27   0    37   40   49   35   21   23   33   4    49   41   39   17   46   6    36   21   8    19   6    12   10   4    24   37   35   25   34   43   17   18   6    39   4    44   16   40   30   44   28   13   36   35   26   32   12   2    43   37   25   44   12   50   27   10   15   30   43   39   27   3    24   32   49   5    37   5    39   10   5    23   37   38
1    42   45   12   47   2    34   17   15   41   15   26   25   31   4    11   43   17   24   14   8    44   4    15   31   38   18   22   0    41   31   48   33   3    47   43   7    6    48   44   32   18   41   16   12   43   17   32   31   5    45   24   38   14   25   2    39   50   9    14   40   7    30   34   10   8    48   35   36   14   19   36   29   22   22   31   19   29   31   7    22   34   15   28   7    4    48   4    43   22   50   22   13   21   38   40   6    13   37   31
36   7    50   11   15   37   38   9    7    4    31   17   45   39   2    14   40   18   11   46   28   2    9    17   32   10   41   14   3    0    14   11   20   21   11   17   46   30   31   41   28   13   10   27   23   2    19   31   1    8    12   17   20   4    9    38   48   17   34   31   40   39   11   14   39   8    15   12   4    42   4    39   48   48   21   6    27   40   37   13   11   16   49   33   30   29   6    14   20   33   32   50   46   44   5    39   47   34   42   46
12   32   28   43   35   48   12   38   23   34   50   10   1    13   4    18   31   47   13   37   17   12   37   40   24   33   41   12   28   16   0    32   34   11   16   16   14   28   11   21   9    38   44   15   50   22   38   23   23   48   14   38   47   12   29   26   3    30   27   35   16   35   29   7    4    45   2    47   2    50   41   19   36   31   11   8    11   45   1    35   11   16   9    13   14   17   11   9    19   37   39   42   29   16   38   17   46   29   9    48
17   5    27   42   9    21   18   4    36   3    13   19   5    41   24   46   10   49   16   41   39   40   42   17   30   22   42   3    2    50   49   0    42   47   17   4    6    48   41   46   28   28   24   6    34   32   4    8    4    11   40   14   49   45   14   25   43   37   9    26   13   23   29   19   8    2    18   6    19   46   7    20   20   37   14   49   27   4    4    11   16   44   11   10   34   23   25   40   33   29   10   44   35   11   12   23   32   47   47   20
46   9    42   12   8    21   42   24   32   38   28   10   19   49   16   32   16   34   18   50   1    18   45   18   44   21   14   32   8    46   12   39   0    34   22   50   28   37   32   20   33   46   12   49   23   46   3    47   19   2    5    48   11   18   31   3    50   4    26   39   44   16   35   11   25   48   9    12   31   37   38   16   50   15   11   34   11   48   32   17   15   2    23   34   26   45   4    5    9    15   1    11   34   44   49   42   25   47   20   44
49   8    18   50   26   46   18   36   49   18   46   12   14   26   22   25   22   34   8    40   47   5    1    37   47   45   46   24   41   37   1    19   11   0    14   29   1    42   27   47   12   32   32   14   18   36   38   50   30   1    12   22   28   1    50   50   26   6    36   1    50   32   16   26   29   22   5    11   36   26   49   5    28   39   26   30   18   8    38   36   47   44   17   20   46   34   22   49   24   8    26   14   6    35   42   31   32   33   10   15
5    42   44   8    27   22   40   42   18   43   40   37   33   11   39   11   11   43   1    43   42   43   46   32   20   14   11   6    29   40   13   29   35   40   0    46   41   31   45   27   25   7    49   26   31   45   6    22   41   19   32   6    9    13   14   37   40   37   46   39   17   34   5    20   38   3    46   32   4    31   41   2    37   3    26   7    14   37   14   1    9    39   15   32   5    22   7    30   27   3    15   8    33   22   8    44   12   15   41   18
24   49   17   36   1    2    43   28   39   2    5    14   12   44   40   47   5    14   7    20   15   2    41   45   47   49   27   20   42   3    30   23   28   7    31   0    49   3    44   16   36   33   31   11   11   26   19   50   38   48   42   26   46   5    13   44   24   4    25   33   48   29   31   16   21   4    26   33   49   46   35   32   46   35   26   12   17   42   5    38   10   20   48   35   49   14   46   10   17   3    30   19   39   31   14   2    42   25   9    6
32   47   34   50   23   36   9    31   37   26   36   2    38   24   4    41   20   46   28   9    2    12   13   2    19   17   12   2    36   27   46   30   22   19   31   48   0    6    24   8    20   45   28   9    9    44   18   44   15   2    21   14   41   26   50   21   41   33   28   15   17   6    17   15   28   48   8    4    21   18   26   2    14   34   4    37   31   50   32   2    23   29   8    5    12   3    31   27   3    41   18   29   34   40   48   19   7    38   28   42
43   15   6    37   7    35   6    17   38   47   50   11   47   28   40   6    24   24   6    7    30   23   5    43   3    18   24   42   21   45   37   30   47   44   43   37   11   0    6    27   4    29   31   45   25   23   12   15   35   36   39   14   39   19   44   19   24   27   47   16   41   31   17   28   48   36   13   16   47   14   18   40   11   13   18   22   46   34   24   8    14   22   37   30   8    41   22   32   13   44   2    11   28   1    14   12   15   26   36   44
46   22   45   6    7    12   39   5    13   42   47   30   17   47   20   12   11   23   23   10   25   19   28   21   38   10   34   8    18   42   28   19   17   35   46   30   8    35   0    49   25   39   48   18   40   18   12   26   25   44   30   8    18   10   44   3    14   35   16   1    15   30   32   29   4    6    40   18   8    27   37   46   43   19   35   18   50   12   21   34   11   8    4    6    2    48   2    14   22   33   12   49   23   18   42   27   6    9    12   22
6    48   28   49   10   24   8    25   20   22   40   12   15   8    28   44   43   45   34   46   30   31   14   45   20   24   28   44   5    46   12   4    27   40   8    50   44   6    23   0    37   19   12   34   48   43   26   13   8    41   42   33   49   38   39   18   50   39   22   17   48   13   33   38   41   44   5    21   48   35   22   14   12   29   47   33   50   43   17   45   43   26   50   23   8    10   47   3    45   47   6    3    11   23   41   26   10   30   39   42
28   47   50   38   35   6    37   13   8    29   37   19   14   8    23   23   30   21   1    38   5    7    14   41   16   27   32   16   5    10   33   37   34   26   30   49   50   13   48   29   0    4    40   48   3    18   23   29   16   8    28   46   7    49   26   45   31   15   29   1    16   40   38   9    46   7    43   8    49   5    23   39   37   40   5    28   5    23   17   4    21   20   14   38   25   32   27   44   28   14   26   23   23   4    9    9    9    1    35   25
26   27   17   37   48   18   4    30   5    20   41   10   44   43   39   9    37   33   28   42   23   42   14   50   3    26   45   29   4    37   32   30   33   30   4    44   6    7    22   4    12   0    19   31   24   4    12   3    16   33   22   9    25   38   7    10   40   50   18   20   41   35   23   42   35   21   20   32   19   4    16   49   1    47   28   41   34   14   48   22   31   43   5    9    45   18   38   23   36   43   42   20   40   14   3    32   26   30   30   31
16   15   12   25   17   15   15   35   11   23   13   22   27   1    10   12   16   9    34   2    38   20   26   19   32   11   6    18   14   13   45   35   40   27   21   7    31   34   35   22   20   46   0    31   47   44   8    13   46   12   3    33   46   17   4    16   31   35   29   32   50   40   33   3    37   14   1    15   42   2    7    30   12   13   4    50   2    16   37   47   12   10   50   19   26   25   7    37   45   47   46   31   15   27   26   41   45   46   7    45
35   20   41   6    41   4    28   19   3    22   23   22   17   33   49   1    18   20   7    26   1    13   11   29   34   14   50   38   18   50   49   42   16   25   27   5    16   13   22   29   19   29   34   0    26   39   40   16   23   34   12   44   30   1    20   1    41   17   5    47   26   6    14   45   25   26   12   5    14   15   45   50   28   9    1    12   36   2    8    31   50   5    25   6    8    24   17   7    19   11   25   36   34   2    2    18   39   8    46   11
31   50   4    5    24   18   8    2    40   23   25   9    13   35   24   48   32   3    45   44   26   1    24   41   34   13   33   45   10   12   37   32   36   3    18   28   42   1    24   44   17   11   35   37   0    21   25   37   24   36   47   42   12   7    1    17   1    9    17   30   46   32   1    46   41   35   37   13   30   12   27   24   37   43   36   31   33   12   50   46   41   8    15   23   1    34   7    27   49   14   33   7    26   19   45   31   48   43   11   17
12   34   28   1    16   12   36   34   50   42   14   23   35   5    6    8    12   8    40   28   46   37   36   15   15   46   5    43   12   46   46   47   6    5    14   37   22   42   43   50   27   13   15   48   36   0    37   20   38   11   39   43   32   11   42   26   49   4    47   21   28   4    10   12   42   50   37   8    37   48   20   48   27   46   34   3    32   29   17   35   38   37   39   11   31   44   33   27   11   44   40   21   22   46   39   9    31   43   15   1
16   13   17   25   40   29   35   22   8    21   7    33   8    43   26   35   34   20   43   44   49   11   3    21   8    36   27   22   8    14   30   6    31   8    50   4    10   39   11   21   37   1    49   35   7    35   0    14   49   22   30   23   20   16   38   4    28   40   38   27   31   46   44   6    18   34   37   28   15   49   2    45   29   25   37   28   4    16   47   41   44   7    14   6    42   35   38   15   5    36   13   10   15   21   35   39   23   38   4    42
20   21   10   22   38   34   13   17   48   10   46   5    20   18   21   30   12   37   10   6    40   19   43   11   32   4    39   14   34   47   17   40   26   14   23   1    8    11   21   45   40   8    30   9    20   17   34   0    5    45   11   19   47   11   3    11   50   32   48   42   5    43   18   33   47   9    25   9    5    46   11   11   47   44   1    24   46   8    15   35   49   43   35   24   18   32   6    38   41   24   44   14   11   30   21   35   3    13   14   3
6    36   3    21   35   20   5    3    24   24   2    7    37   25   20   26   8    36   49   29   37   9    4    6    15   17   37   38   24   31   31   28   16   48   28   32   39   45   20   44   40   38   29   18   43   43   30   37   0    10   15   8    36   33   5    40   26   32   34   30   34   44   46   30   1    4    40   39   25   31   21   6    1    16   37   41   37   45   45   41   17   28   34   8    15   37   42   34   11   38   34   46   30   35   20   46   9    37   11   37
30   16   10   22   3    39   33   11   4    1    32   43   41   17   46   33   41   14   47   27   11   44   47   2    1    14   37   1    18   28   17   35   14   2    38   44   34   6    21   19   46   46   40   41   5    27   34   45   35   0    38   35   39   15   44   42   4    31   31   32   22   36   34   28   22   41   6    4    38   21   12   37   3    21   45   31   3    24   13   35   26   41   2    14   45   17   26   26   39   3    49   20   46   36   10   15   17   43   14   50
47   11   39   13   40   21   16   29   42   48   5    45   29   13   22   12   20   47   5    15   23   27   44   17   36   26   40   15   9    6    38   15   11   3    25   11   6    45   27   44   20   15   2    38   30   12   1    46   39   21   0    21   32   4    12   32   24   19   38   30   22   45   33   41   25   38   25   38   50   1    26   25   43   33   48   8    22   32   38   47   13   35   39   49   2    29   43   12   20   28   31   39   38   16   3    34   30   3    47   19
22   39   33   40   18   22   23   12   48   4    34   25   5    13   24   36   14   26   28   18   3    42   34   36   9    11   12   24   13   35   46   13   28   46   46   34   3    32   9    21   16   34   49   6    10   5    31   8    38   1    47   0    22   45   47   18   3    5    2    14   49   15   7    50   23   32   20   1    20   49   36   29   27   11   29   17   13   31   16   44   19   43   32   42   40   21   48   14   32   5    24   5    10   41   20   10   38   49   7    28
21   14   34   29   19   11   31   27   3    13   39   24   23   46   7    5    3    18   31   26   46   30   20   10   5    40   27   25   6    31   18   47   41   24   29   33   20   14   25   41   38   8    11   37   16   49   42   4    23   13   18   48   0    1    28   6    5    15   23   14   37   4    8    11   12   40   29   17   23   50   9    38   10   41   12   18   22   28   42   16   22   22   27   4    5    27   12   27   44   43   41   6    24   17   33   1    48   37   7    27
14   23   26   50   34   21   15   29   3    5    7    50   27   21   30   4    9    42   47   12   17   12   23   40   19   5    2    44   16   11   28   38   16   40   6    19   9    6    47   14   42   45   12   20   47   32   41   20   36   43   49   46   33   0    19   6    2    35   34   50   45   12   50   21   50   18   2    31   40   22   33   28   19   43   45   12   27   9    9    43   30   41   11   37   31   30   26   12   5    44   3    7    10   8    35   12   18   36   31   19
10   48   9    29   14   5    43   11   21   48   27   41   1    12   23   3    20   14   35   50   11   3    5    7    40   28   50   19   11   29   20   18   34   50   45   15   40   46   8    47   22   4    6    46   37   31   9    12   46   24   31   49   50   12   0    50   13   14   29   35   4    1    13   3    6    23   14   26   18   29   13   4    27   38   38   23   6    47   10   13   7    48   45   11   46   21   20   20   26   12   24   11   35   40   39   47   25   41   18   49
9    22   46   21   17   13   37   24   25   30   9    38   7    25   16   47   31   1    38   5    21   37   49   44   8    35   43   28   19   19   43   50   37   43   21   4    41   29   11   3    23   49   8    31   16   14   35   25   48   22   41   47   31   48   26   0    37   50   14   23   24   30   38   37   1    40   44   21   4    43   15   48   45   43   24   42   32   8    34   32   26   2    30   7    50   38   28   43   38   39   38   40   36   11   33   24   46   22   27   21
33   16   43   17   34   31   12   31   30   16   32   24   46   3    14   39   1    8    10   24   49   46   21   27   46   7    13   36   22   48   29   17   5    1    20   23   20   13   29   3    33   48   27   37   36   11   33   33   9    18   27   31   19   32   44   28   0    35   2    1    2    41   11   50   37   25   24   43   7    20   20   38   28   10   22   10   8    25   46   40   46   25   4    40   47   26   17   7    37   22   17   16   16   21   46   43   29   26   21   7
9    36   13   23   15   5    7    48   1    1    43   4    14   7    14   40   23   50   38   11   10   50   5    15   11   26   49   27   22   17   15   49   42   24   32   28   16   2    36   44   13   43   3    6    47   2    28   20   14   12   44   18   6    31   38   21   24   0    36   8    50   47   31   36   18   45   4    31   15   38   38   1    31   38   2    28   50   28   45   44   24   8    27   14   35   38   4    41   33   2    46   39   16   21   28   10   37   18   43   35
6    45   24   24   10   44   39   37   24   43   26   49   33   14   28   15   45   47   43   23   48   46   1    29   17   6    45   22   2    17   12   13   46   13   1    42   21   48   39   47   11   6    28   6    36   15   29   35   39   11   43   32   2    8    31   15   39   19   0    11   50   39   14   49   8    33   18   36   44   46   31   3    31   44   36   22   8    36   44   4    17   40   23   50   45   3    6    39   17   8    36   46   23   32   19   33   28   45   17   13
7    27   44   40   33   11   37   33   32   28   39   34   47   8    4    44   16   46   16   1    22   23   37   6    6    33   15   47   18   26   17   31   22   23   17   17   6    22   47   37   26   18   42   3    18   48   11   13   9    47   13   28   38   18   24   28   49   30   19   0    6    40   31   13   24   39   27   17   9    12   8    45   29   6    8    31   23   42   38   15   32   31   20   33   46   38   3    8    48   32   9    28   24   45   40   17   27   46   43   41
31   30   26   20   21   35   19   34   39   41   17   18   4    35   11   10   40   49   26   28   42   14   20   32   48   5    10   38   44   5    11   25   27   40   37   48   47   6    25   43   20   10   8    15   43   26   34   18   39   47   6    6    24   35   47   14   21   32   20   2    0    24   15   34   19   46   2    35   44   26   14   25   15   17   38   8    3    28   32   37   9    3    44   7    17   40   10   17   25   45   11   29   7    29   39   30   21   2    41   48
21   46   49   38   43   29   49   11   33   36   22   47   9    20   12   6    47   29   11   25   45   6    47   15   44   37   3    19   19   20   3    4    14   25   35   36   16   40   34   4    22   2    30   44   28   10   8    36   41   32   30   21   42   50   17   50   21   31   1    37   9    0    24   7    25   9    11   6    23   26   39   31   30   33   6    45   48   1    11   20   25   32   3    30   14   33   1    43   4    33   15   22   34   27   8    18   41   7    18   23
42   1    6    32   13   7    11   41   5    7    12   25   17   47   34   46   47   10   2    15   32   41   19   48   19   25   9    3    10   38   20   45   49   7    30   31   31   32   50   9    12   20   22   34   33   45   6    17   29   20   10   38   7    42   42   28   48   25   49   18   2    12   0    24   46   43   20   46   22   19   21   4    4    49   14   34   34   15   13   27   19   22   10   27   4    3    28   41   48   25   29   12   37   26   5    31   24   44   42   20
43   50   30   15   37   21   34   17   28   40   14   46   11   6    33   43   17   41   22   1    12   27   20   49   29   19   7    30   38   12   14   43   45   13   33   35   15   28   27   26   1    24   2    11   50   28   48   24   47   28   25   6    43   41   49   22   32   13   31   39   20   50   29   0    1    3    33   1    50   22   11   11   34   42   39   48   19   30   1    23   22   36   32   44   18   23   32   48   7    47   34   6    5    24   30   20   18   21   18   28
6    31   6    4    10   2    35   17   42   5    11   28   45   24   29   17   33   32   46   50   1    32   29   14   33   38   42   5    11   36   34   33   4    27   22   16   20   45   43   38   34   25   29   13   38   38   45   47   12   24   33   1    47   5    17   24   11   24   38   47   39   1    15   8    0    47   44   30   22   32   8    44   24   44   34   27   31   2    9    43   43   50   23   17   25   3    3    10   9    36   37   36   20   24   25   48   29   40   26   15
44   45   11   12   20   30   21   4    26   18   15   31   37   2    23   17   1    35   1    36   14   21   49   35   20   30   42   28   38   32   40   13   28   37   1    32   47   43   31   46   2    39   27   13   28   22   48   20   38   48   19   24   21   15   8    19   21   33   27   26   43   48   43   4    41   0    25   9    50   33   4    29   26   33   37   36   50   26   12   42   28   5    8    46   47   49   2    35   4    6    13   24   18   40   18   5    20   36   36   36
40   32   42   7    19   3    41   41   1    26   19   26   18   21   47   26   1    18   22   1    41   13   35   29   16   14   40   33   48   34   37   4    23   42   40   3    39   13   21   17   25   4    45   50   49   13   21   24   42   1    47   15   1    42   5    25   24   13   25   8    32   3    2    37   20   2    0    38   2    38   5    10   44   17   14   48   26   19   21   36   17   8    23   12   29   35   37   25   42   21   11   3    44   12   7    17   20   32   42   17
41   9    14   37   35   3    35   11   34   42   8    38   14   40   9    14   26   43   5    48   7    26   49   26   29   11   27   22   37   1    17   31   46   32   23   29   35   17   5    38   5    29   5    35   27   12   29   10   30   35   50   10   2    6    17   14   7    43   37   26   18   30   22   5    8    46   43   0    44   12   4    36   27   49   8    27   8    20   43   1    50   45   36   5    33   34   7    8    42   27   29   16   22   17   20   34   44   30   15   42
15   2    6    40   25   46   29   40   50   21   49   17   27   44   41   39   40   26   17   46   2    28   15   18   19   8    9    46   24   20   30   42   11   16   15   12   41   45   39   25   45   47   45   22   36   6    15   35   11   36   17   14   40   18   36   45   43   43   7    35   41   42   31   19   30   18   30   44   0    41   40   30   46   43   50   43   24   32   13   13   32   2    38   8    47   39   14   16   8    12   44   49   45   19   38   46   10   12   41   34
40   24   43   48   28   21   45   42   31   6    41   49   29   42   7    4    29   16   14   38   23   3    21   20   15   35   29   8    38   16   44   15   50   34   15   7    41   3    2    10   25   47   48   38   50   50   18   43   25   1    49   5    29   10   18   13   15   6    40   26   3    19   18   32   37   45   33   22   13   0    45   3    18   36   8    12   44   12   24   48   20   49   46   16   23   2    31   13   35   6    26   15   26   13   49   49   18   26   29   15
31   12   48   8    22   1    16   3    19   13   24   29   13   21   47   28   21   4    8    44   10   36   28   24   46   32   20   2    15   4    32   24   13   36   4    24   2    21   41   10   42   33   9    8    15   21   35   38   12   48   1    14   17   35   28   23   37   5    11   15   9    35   20   30   11   1    18   33   39   13   0    4    30   22   12   2    26   7    4    25   10   19   35   10   41   18   20   22   50   47   48   29   33   10   19   40   17   23   46   20
45   15   35   42   17   20   35   8    33   8    22   11   6    15   2    48   26   41   24   21   37   11   36   6    8    18   42   22   46   49   25   47   23   38   24   11   27   23   15   21   32   5    36   26   9    10   50   18   30   14   3    37   6    21   32   9    46   47   50   47   31   32   21   23   47   45   49   23   33   48   26   0    20   30   15   47   15   42   6    1    23   46   24   48   15   45   6    35   28   42   25   44   4    24   24   21   26   36   35   20
43   28   3    18   49   21   37   43   43   4    35   7    21   17   35   20   44   50   15   26   32   26   14   10   47   21   26   30   14   40   33   16   14   37   48   14   24   39   40   7    33   39   6    17   6    13   15   14   9    42   43   31   7    3    41   21   33   19   26   31   33   1    18   32   2    33   28   37   4    40   16   47   0    36   41   42   49   5    7    41   6    13   25   37   19   44   25   7    28   44   26   9    50   30   50   20   33   26   31   44
12   17   26   47   38   25   50   40   2    10   6    6    21   13   23   8    41   49   45   23   25   6    41   39   39   29   33   47   12   47   24   17   29   22   27   25   39   49   37   43   10   8    43   49   32   49   31   2    49   50   17   49   10   23   44   33   40   31   31   2    49   16   5    40   18   15   7    10   14   37   42   36   34   0    28   42   43   47   10   4    21   13   4    49   41   31   36   24   49   36   21   49   43   5    33   37   13   19   46   30
49   14   25   38   27   49   15   26   41   36   1    34   42   35   9    50   3    18   28   17   9    19   5    31   31   20   44   45   43   25   27   13   50   12   22   11   43   12   12   4    5    8    25   14   3    42   10   19   4    17   34   47   9    36   5    34   41   38   48   21   47   3    22   37   47   39   44   49   48   17   44   19   31   49   0    16   45   1    12   18   34   42   35   9    5    27   44   36   10   38   23   23   7    40   20   14   1    47   46   1
36   36   37   41   29   23   3    35   21   31   50   46   8    14   5    27   22   34   48   2    38   37   30   19   13   26   28   3    2    34   18   45   50   17   3    30   10   19   12   19   34   18   24   2    35   6    44   12   34   44   34   47   18   47   4    25   39   43   10   46   43   14   13   1    34   42   14   14   29   2    45   49   12   37   5    0    13   19   1    11   22   6    3    5    43   27   30   13   41   28   15   33   28   23   18   27   31   29   32   12
29   49   43   18   40   8    6    28   17   32   32   2    24   9    40   16   38   34   4    34   45   25   43   46   29   14   27   48   2    33   36   26   20   25   12   9    19   25   25   44   24   44   31   24   2    31   22   38   14   3    2    24   13   41   30   31   36   30   20   9    43   50   33   11   46   46   26   36   1    10   18   44   11   22   3    50   0    8    19   45   2    10   6    20   27   19   4    8    18   7    50   35   24   50   4    45   20   12   3    24
30   38   31   3    39   19   30   8    1    26   3    28   29   44   18   2    6    3    38   9    41   33   22   48   28   32   41   8    16   18   22   14   22   7    22   4    49   15   18   35   44   14   43   9    48   30   1    34   47   14   6    48   23   50   30   11   16   21   19   15   33   50   14   33   8    37   50   42   4    47   13   47   48   10   25   13   31   0    46   18   11   13   31   15   27   47   21   7    35   17   46   49   44   31   40   16   9    37   45   12
23   6    45   30   1    35   43   14   15   29   27   27   2    7    18   27   42   36   20   6    3    16   21   13   44   47   44   8    5    44   30   15   2    25   13   40   40   32   37   19   12   9    20   29   17   23   36   29   36   22   44   41   37   39   42   39   2    19   38   9    1    6    49   45   2    39   25   35   18   16   30   16   31   43   14   14   10   33   0    41   10   5    13   21   15   37   39   31   18   6    8    18   49   5    37   16   29   32   13   42
30   50   2    8    43   40   24   43   34   13   9    22   15   50   45   7    35   3    37   9    45   20   27   2    48   48   9    25   3    11   23   22   32   38   33   44   15   43   23   13   33   40   50   7    27   36   29   10   36   22   28   42   4    29   17   49   5    1    25   17   3    14   8    44   18   18   20   14   46   46   44   21   49   49   14   12   2    11   4    0    39   48   47   50   44   16   25   15   13   17   5    29   48   47   34   45   26   20   4    30
17   27   36   11   42   33   31   32   42   34   39   29   41   48   42   37   42   45   29   15   40   23   27   10   29   3    19   33   30   27   48   18   3    8    28   14   41   34   38   12   35   40   23   43   14   36   46   28   11   30   15   35   23   45   31   5    17   35   12   30   37   34   22   17   26   17   37   23   19   46   40   3    16   13   47   33   46   12   27   49   0    18   11   2    34   15   20   43   1    15   1    13   45   38   5    20   33   49   44   33
22   22   2    33   34   35   10   34   46   9    12   40   38   10   44   18   40   45   29   48   49   46   31   44   24   23   10   43   3    29   6    27   39   18   6    37   19   4    30   30   46   35   8    16   27   32   35   29   30   39   39   10   6    15   3    41   4    19   32   46   39   36   2    11   21   19   40   38   8    16   18   10   25   1    3    19   26   45   21   26   22   0    31   7    23   48   31   50   8    24   12   50   41   8    44   15   45   15   40   44
18   20   28   40   20   10   15   20   4    46   32   36   16   1    40   21   28   37   22   13   15   41   16   10   7    37   20   25   28   20   6    8    18   47   43   7    15   4    31   37   15   7    5    37   45   13   13   8    28   48   15   19   46   13   41   43   9    18   9    25   9    1    18   43   28   14   50   18   31   25   47   40   30   24   38   48   19   9    7    23   24   38   0    2    49   32   27   34   16   41   19   11   8    22   13   44   16   40   4    20
35   40   31   10   17   18   47   19   10   45   43   47   25   29   34   34   2    26   12   26   49   8    37   27   20   32   32   46   12   49   3    41   24   14   41   43   5    40   43   35   8    41   3    46   16   42   47   45   16   20   42   3    11   35   20   26   12   26   21   4    3    44   4    2    44   28   49   8    27   19   23   32   31   48   11   4    6    40   42   40   45   2    47   0    34   10   31   7    18   7    21   1    9    23   21   23   46   42   5    25
13   8    45   4    36   16   46   12   27   24   45   34   43   29   42   33   16   24   18   15   22   23   28   10   26   8    6    44   41   16   25   13   12   35   35   40   45   10   16   12   41   42   9    17   50   50   29   26   30   31   40   30   12   8    43   10   28   50   43   21   39   36   26   26   13   8    41   46   29   2    39   8    41   12   30   13   21   4    24   38   23   10   8    35   0    38   1    46   29   50   11   33   14   16   21   27   21   38   18   10
26   34   24   45   50   7    21   13   11   33   25   45   30   19   13   32   8    42   18   26   34   48   49   5    3    24   44   39   43   15   36   15   38   33   23   3    43   26   14   37   27   5    5    10   4    28   33   47   27   26   46   13   12   8    7    42   27   22   23   31   40   40   14   11   49   35   31   28   34   21   47   11   1    9    5    29   4    3    46   26   41   31   8    50   4    0    38   15   14   23   17   20   49   19   12   40   49   18   25   43
46   14   17   28   20   11   1    21   24   30   15   2    18   9    48   42   37   41   7    17   32   20   46   16   28   18   30   12   41   30   30   45   42   7    47   32   2    16   19   35   44   4    44   11   20   26   9    38   29   16   32   12   30   10   46   10   46   23   8    36   8    24   34   46   26   1    33   30   28   13   20   49   8    23   38   27   50   50   50   46   48   41   18   40   37   3    0    25   12   6    42   20   1    6    26   8    41   8    9    20
34   49   39   20   8    33   47   48   17   3    34   47   45   36   25   26   34   35   37   12   41   34   29   42   8    35   16   22   34   49   43   10   6    46   31   10   35   9    3    30   38   27   38   18   23   26   29   38   33   25   44   36   44   37   31   25   46   28   7    40   42   38   29   43   29   26   26   44   3    35   14   26   42   25   12   31   6    25   3    49   5    45   43   16   34   50   25   0    24   1    3    44   21   15   36   19   24   6    31   47
49   47   39   26   9    2    34   40   32   38   7    4    50   38   7    13   22   19   30   47   50   44   24   37   11   37   6    4    49   33   25   33   15   12   42   43   8    37   40   37   22   18   34   44   17   35   50   29   8    5    47   9    8    18   5    42   50   17   12   43   21   40   50   36   2    10   46   29   14   21   47   49   39   26   26   44   23   22   19   25   39   17   9    29   26   44   6    29   0    44   2    41   42   14   10   1    47   31   41   40
17   17   10   25   39   44   26   36   5    23   2    19   20   26   44   13   15   8    46   3    9    45   38   43   2    1    6    31   28   3    28   39   26   23   39   28   15   3    26   49   27   5    7    12   12   12   4    24   3    15   30   16   43   28   8    2    15   33   41   46   14   37   4    33   12   5    34   10   19   47   1    3    40   16   5    5    46   44   25   3    25   23   33   46   45   3    13   11   25   0    40   17   29   23   38   2    16   35   6    18
3    32   35   14   11   32   42   48   16   44   21   47   43   35   6    45   13   23   42   40   9    27   43   36   18   29   36   9    3    26   31   36   50   30   43   46   3    13   12   32   29   31   18   28   1    26   6    35   34   44   42   1    12   49   42   47   24   11   40   19   8    4    33   29   14   25   25   34   37   50   48   37   42   1    2    8    12   43   12   42   22   40   35   35   2    5    50   12   6    32   0    35   48   29   1    8    22   9    7    4
26   40   29   38   11   47   44   32   37   24   13   42   26   28   38   9    46   31   30   16   30   38   20   37   7    6    36   17   49   43   49   27   34   1    50   14   1    3    26   25   4    36   31   46   38   2    26   30   3    29   41   48   31   27   6    38   21   42   37   11   43   40   6    25   38   4    47   47   38   10   49   24   21   13   45   9    37   14   31   20   6    33   17   10   32   29   1    11   4    18   15   0    16   28   34   16   48   42   9    16
29   45   24   9    50   30   20   8    46   35   8    3    8    18   47   24   18   21   29   9    12   13   18   24   39   12   27   41   1    37   14   48   41   40   17   35   6    30   11   9    19   23   49   48   43   40   40   1    8    31   35   10   21   27   10   36   39   45   35   4    31   22   48   40   14   38   37   32   37   9    20   26   32   40   29   28   28   42   27   34   45   1    33   14   41   4    5    5    31   49   48   22   0    50   29   23   9    9    21   8
46   49   2    37   34   11   5    47   40   45   3    38   43   20   2    45   45   38   8    32   8    16   7    36   1    22   16   28   6    2    40   45   19   5    38   43   18   21   17   6    18   17   47   6    33   35   50   22   8    12   7    2    26   48   21   7    28   22   39   26   28   23   27   28   47   3    22   15   4    2    46   16   18   13   44   37   26   46   15   49   17   36   14   5    32   21   12   9    21   16   48   33   17   0    12   11   48   20   20   20
32   14   47   44   1    37   46   8    20   32   1    42   7    19   34   10   28   48   6    1    8    41   37   5    37   24   50   18   17   32   43   49   18   7    31   11   35   21   24   19   27   11   7    14   27   28   19   26   16   40   37   45   37   50   35   8    12   18   21   17   8    7    20   5    1    36   42   4    24   21   32   7    50   26   10   22   39   34   35   28   18   28   45   48   1    2    6    29   6    31   45   19   24   49   0    39   4    11   28   32
34   31   32   8    28   25   14   19   8    12   8    47   5    48   7    12   29   18   5    39   4    31   50   29   7    39   2    10   29   13   3    38   46   21   5    38   20   43   31   30   17   21   31   43   40   27   17   26   12   15   49   25   39   48   41   4    16   41   9    26   4    46   28   20   15   3    45   9    50   34   20   43   12   2    38   19   48   46   42   47   8    5    36   41   26   14   6    15   42   16   19   25   23   50   46   0    9    32   32   20
22   21   16   17   41   3    22   44   38   32   40   37   28   46   32   34   24   33   19   15   45   5    41   28   33   15   20   10   7    35   3    10   47   18   26   26   15   35   31   22   13   31   32   50   15   6    6    30   7    8    34   43   28   27   32   46   44   30   41   12   17   19   27   33   14   50   27   38   7    14   45   9    40   1    38   18   13   18   34   38   12   15   29   32   9    5    29   38   3    47   41   31   20   10   23   38   0    43   26   49
38   1    26   23   29   14   27   3    42   12   18   9    12   39   25   8    32   40   5    28   14   35   47   14   49   20   29   8    28   12   32   18   25   40   43   26   17   40   30   31   29   13   47   19   25   30   30   13   49   20   45   45   40   6    28   31   3    8    33   29   26   43   49   11   24   44   47   26   9    43   26   38   48   26   3    17   17   20   44   2    50   3    39   24   28   6    2    29   44   21   21   42   24   15   15   41   31   0    5    16
34   39   7    41   40   17   43   26   8    26   21   15   27   49   4    18   34   13   16   45   50   19   10   50   15   27   9    27   38   2    41   50   44   41   6    42   43   40   36   34   43   9    13   8    12   18   35   22   24   29   13   46   26   7    3    36   44   31   1    8    47   48   5    18   3    38   25   36   29   7    23   40   23   48   23   17   4    47   7    20   19   32   45   42   18   42   14   43   6    26   49   10   19   20   8    15   32   30   0    26
34   45   50   41   13   18   42   15   45   38   2    1    7    11   15   49   38   6    13   15   24   29   11   46   2    20   19   35   44   34   20   14   22   13   33   43   50   41   25   44   9    37   1    21   18   22   31   8    31   4    46   30   47   25   42   34   4    40   28   15   15   25   36   23   22   21   25   46   40   7    17   27   10   6    3    20   12   47   23   42   44   42   5    36   26   45   3    44   44   44   12   8    15   24   8    46   25   22   3    0