50
0    1    3    2    50   29   29   11   12   15   9    17   7    50   14   35   6    23   14   14   43   16   26   5    34   16   7    26   35   49   5    26   5    25   24   33   21   37   6    5    36   11   18   33   5    7    9    23   36   2
37   0    9    30   25   13   16   7    22   42   36   17   4    1    4    10   20   17   9    10   17   8    45   27   19   32   29   17   5    49   15   22   38   24   10   13   36   49   41   33   35   7    38   33   30   11   30   37   47   44
35   49   0    16   6    50   5    15   34   32   25   12   10   12   16   26   25   49   47   32   18   1    17   22   10   9    47   37   43   46   12   27   36   45   31   35   30   38   30   16   6    14   17   17   26   49   6    33   12   29
40   43   24   0    45   17   47   26   43   32   7    23   41   28   41   12   32   26   18   25   48   12   37   45   7    50   28   6    50   31   35   32   24   3    50   31   21   35   22   23   47   37   45   12   38   43   13   25   48   7
50   1    19   42   0    34   34   50   42   26   2    21   18   5    6    4    20   29   37   8    26   43   6    24   39   41   3    45   41   17   20   36   22   20   2    44   47   46   20   23   16   42   10   15   1    43   12   16   50   47
20   7    5    17   43   0    20   19   40   29   30   30   37   29   41   31   11   42   23   47   45   15   8    14   21   36   37   23   46   9    24   10   38   2    14   37   31   8    14   33   48   12   29   36   6    3    24   29   32   24
5    41   45   11   37   15   0    30   47   41   33   14   40   46   27   33   37   50   23   15   28   8    28   33   6    19   49   20   5    46   42   22   21   22   18   8    2    1    13   13   9    13   24   40   31   33   49   1    22   37
43   47   38   19   36   3    18   0    42   6    27   43   10   1    5    39   2    37   47   21   22   45   28   41   1    10   8    27   39   17   32   19   14   19   8    46   6    17   30   11   5    33   8    11   3    18   30   11   1    5
38   30   21   2    49   7    13   9    0    30   16   1    21   44   32   3    50   24   13   26   48   17   45   38   3    18   16   19   29   9    14   19   22   29   44   32   2    20   10   2    33   41   43   29   20   18   2    10   32   37
37   45   18   12   42   11   38   15   13   0    45   17   44   49   38   41   48   12   34   9    6    5    34   40   5    28   22   39   46   22   13   47   15   38   27   43   2    34   41   18   38   14   4    16   39   15   50   37   18   47
49   37   32   41   23   25   4    44   9    44   0    18   14   21   17   12   20   41   21   13   31   22   39   23   18   5    6    21   26   15   25   38   22   7    7    14   41   17   48   29   49   45   25   14   1    33   10   41   44   8
7    22   48   44   30   30   21   11   22   22   5    0    27   32   40   41   2    38   21   48   9    29   35   21   25   24   12   4    27   42   40   40   50   41   8    47   6    27   2    23   21   38   8    41   47   13   16   41   9    46
6    34   3    8    47   22   19   19   5    6    23   42   0    11   41   50   9    28   12   44   40   14   16   1    41   14   22   10   32   46   26   23   31   15   43   1    32   7    2    32   28   46   19   46   7    27   35   2    20   23
40   50   12   8    33   4    18   1    11   43   28   30   44   0    37   2    34   8    38   15   36   28   36   6    38   9    15   27   49   48   47   43   6    40   22   8    24   29   16   12   32   37   47   48   10   15   13   49   26   3
15   50   37   20   21   8    4    44   30   22   23   43   42   14   0    21   28   19   28   48   12   14   18   9    49   10   36   18   29   5    4    26   10   19   17   32   27   33   20   26   30   8    17   23   42   48   12   34   50   29
38   23   9    21   22   20   22   35   27   16   15   5    28   1    30   0    39   3    47   7    7    13   39   15   23   48   25   34   29   48   50   38   2    41   28   38   12   44   50   32   26   31   20   29   20   43   43   16   4    41
23   46   17   17   46   5    23   14   11   30   39   21   2    36   49   5    0    46   29   28   1    25   49   9    46   29   5    47   25   47   42   49   13   17   37   21   29   2    42   7    30   26   32   35   24   16   5    49   37   11
48   1    4    11   15   18   35   17   37   47   42   34   4    26   1    46   16   0    23   6    41   49   7    25   2    42   48   43   7    12   5    17   28   12   6    30   29   17   3    34   43   32   17   50   48   39   22   31   24   14
28   47   26   25   49   29   36   50   30   12   2    9    22   37   36   5    30   30   0    31   1    18   37   15   18   23   38   9    27   40   8    29   18   10   9    3    14   17   21   46   19   39   17   19   50   20   17   47   5    50
29   14   48   38   45   35   41   24   49   26   24   10   11   22   50   42   19   29   43   0    13   45   24   46   16   23   46   20   14   32   12   12   11   6    32   13   10   46   43   16   7    47   19   39   37   44   38   29   2    36
27   13   36   11   47   14   17   40   42   12   38   19   26   1    29   48   47   12   22   1    0    19   42   8    44   30   46   40   16   9    23   5    38   22   5    1    34   48   2    22   42   37   45   18   26   12   26   33   27   33
49   10   35   2    23   9    14   14   1    17   28   45   50   47   48   20   23   20   19   36   34   0    5    7    20   29   33   46   45   14   10   37   27   39   20   27   38   22   47   21   3    9    34   12   26   41   18   19   28   49
26   19   39   5    46   12   48   38   15   26   8    50   31   37   32   14   26   8    13   12   37   45   0    36   35   17   24   10   25   35   32   1    12   1    23   28   10   39   24   2    29   44   28   43   50   49   47   8    42   6
48   47   43   21   49   31   39   28   47   24   45   26   16   10   41   18   29   6    24   3    9    11   30   0    7    42   22   27   7    32   42   11   36   22   30   11   23   26   35   27   47   28   43   42   10   6    39   6    48   23
27   40   27   1    43   38   8    39   13   33   25   37   7    18   17   13   31   39   22   47   14   49   1    5    0    8    1    2    17   23   33   20   11   43   3    1    20   48   16   38   1    6    44   25   23   1    33   7    8    9
27   11   3    16   1    40   9    34   50   33   3    36   5    40   44   25   31   10   11   29   38   22   8    31   4    0    43   4    44   6    32   11   15   20   12   14   22   46   42   18   46   45   12   1    38   12   30   35   1    3
10   50   18   39   6    7    49   24   3    23   44   24   19   27   35   30   32   46   49   45   18   24   38   40   6    38   0    47   33   35   43   8    26   6    10   41   43   48   28   39   17   35   12   23   23   45   34   25   20   47
14   13   43   39   19   42   43   2    32   5    6    37   27   3    30   4    4    25   9    31   24   14   42   32   18   28   30   0    22   34   48   16   43   22   19   30   44   9    40   45   2    42   25   9    49   13   43   49   31   21
5    44   27   14   34   43   35   17   44   15   13   38   6    10   15   3    26   27   50   47   50   33   45   26   44   40   5    16   0    1    14   19   21   44   10   10   5    11   5    28   50   42   45   34   6    12   46   14   38   40
7    38   37   49   45   2    14   13   25   1    49   11   9    5    16   29   44   40   20   15   18   35   14   32   17   23   20   21   27   0    38   41   50   12   4    35   8    29   46   45   21   50   15   20   45   38   36   50   16   18
8    40   1    32   26   33   1    10   25   33   36   41   42   2    45   10   34   46   39   16   39   49   8    15   48   9    4    25   32   33   0    10   16   46   14   21   38   29   4    6    40   48   35   8    43   8    12   27   7    34
2    35   5    13   9    13   33   6    8    42   21   16   30   15   50   24   45   50   34   46   37   49   10   26   11   37   9    47   23   18   29   0    49   9    36   11   49   50   28   36   37   34   17   41   49   15   42   18   14   24
2    13   4    17   44   6    17   7    29   2    8    33   34   20   31   39   10   18   39   24   29   48   23   28   11   43   50   40   18   1    2    36   0    5    11   15   33   22   25   25   41   23   15   40   18   50   4    16   40   32
30   33   13   19   16   20   14   50   49   2    20   17   42   8    50   45   23   37   10   43   36   13   13   30   32   7    7    40   16   23   8    15   10   0    31   17   2    22   35   16   1    20   36   6    1    1    50   38   9    11
27   36   8    43   24   34   1    45   10   1    2    32   9    18   50   37   24   24   19   25   7    35   20   19   24   37   12   47   16   45   19   49   7    12   0    17   25   25   2    26   25   14   40   35   36   36   21   10   19   12
41   47   2    19   38   37   27   18   31   48   48   26   31   43   8    35   30   29   22   33   11   19   3    49   36   30   23   38   46   43   9    47   45   38   34   0    20   9    5    31   12   42   9    37   49   4    31   38   39   11
31   2    7    50   27   26   39   34   45   18   47   24   21   38   12   43   23   11   8    46   49   14   10   24   36   2    49   17   37   8    34   37   30   37   18   18   0    43   15   3    27   34   12   3    28   4    15   13   42   17
4    40   42   9    50   8    43   17   22   24   19   16   47   34   30   4    23   17   40   37   23   1    5    1    47   30   35   14   13   28   26   48   30   44   19   31   3    0    14   12   46   23   37   28   38   5    28   18   46   16
32   8    6    28   35   20   42   22   18   44   2    21   26   21   46   8    41   41   34   1    25   22   5    33   27   48   48   23   3    14   19   44   39   45   21   32   45   38   0    35   27   41   3    38   37   44   28   41   47   38
41   18   19   22   19   47   43   4    2    40   22   49   17   8    2    16   44   43   25   15   39   9    4    20   41   10   44   25   1    18   13   22   44   2    15   21   42   13   22   0    39   48   16   48   5    1    22   26   6    9
28   32   3    19   48   49   4    50   39   39   14   31   30   21   27   26   50   20   21   22   39   6    13   25   26   2    40   40   16   4    26   13   1    26   50   7    34   37   6    17   0    41   4    6    45   44   16   23   37   38
14   8    5    26   28   49   24   6    33   31   49   22   17   27   50   24   31   14   4    44   17   12   5    18   1    2    29   24   43   39   13   24   10   11   48   30   36   38   46   48   43   0    1    9    25   11   1    50   7    30
46   39   9    7    4    37   21   42   27   46   44   15   31   35   47   46   36   6    2    43   17   16   14   29   2    39   30   44   20   50   5    24   42   7    45   17   31   42   23   50   35   39   0    34   36   32   46   42   48   39
42   29   11   44   9    46   42   16   1    33   14   23   16   14   32   43   29   8    17   42   10   17   12   27   22   35   16   12   42   30   26   33   26   39   26   26   27   6    7    39   25   14   40   0    36   21   25   11   48   29
27   39   23   29   5    48   45   17   37   34   35   23   7    48   5    10   26   13   19   26   23   1    34   39   21   30   46   45   27   41   25   49   17   6    7    36   41   34   44   32   22   23   21   41   0    40   20   38   5    19
46   20   25   26   18   24   25   18   11   6    16   49   22   32   39   32   50   3    15   11   48   24   8    32   1    7    36   7    28   44   4    18   9    15   2    27   39   43   41   50   19   44   25   24   16   0    46   25   28   38
45   50   18   34   16   23   25   27   5    41   24   1    34   9    21   31   38   44   13   29   36   49   8    43   7    16   7    7    46   37   50   24   33   42   22   30   50   6    27   32   17   47   20   37   34   43   0    20   48   45
47   38   17   20   50   21   29   27   21   40   35   33   3    24   18   30   30   21   20   7    30   25   35   43   7    28   49   19   29   26   41   42   9    44   1    12   50   28   18   19   37   25   7    14   21   27   9    0    14   6
6    29   41   29   18   33   19   48   24   7    48   3    42   18   37   27   20   8    16   2    9    8    7    24   31   35   42   50   34   47   22   3    19   23   46   3    40   22   19   10   6    2    31   34   24   22   26   38   0    9
2    27   12   23   37   49   16   11   11   17   32   14   44   9    32   43   24   11   13   20   4    35   29   36   45   34   3    26   21   21   24   5    24   39   1    37   18   43   12   32   4    19   16   27   37   19   28   21   2    0